frames 1800 at 60 fps = 30.00s
sheet_01.png  0.00s - 3.75s
sheet_02.png  4.00s - 7.75s
sheet_03.png  8.00s - 11.75s
sheet_04.png  12.00s - 15.75s
sheet_05.png  16.00s - 19.75s
sheet_06.png  20.00s - 23.75s
sheet_07.png  24.00s - 27.75s
sheet_08.png  28.00s - 30.00s
hard cuts (s): 1.883 7.500 9.433 13.133 15.950 18.750 22.983 23.450 23.683 23.917 24.150
luminance every 0.5s: 18 18 19 19 114 114 139 129 113 95 30 64 66 66 66 230 219 218 219 35 29 30 30 29 29 30 29 152 149 149 151 151 23 30 31 31 32 18 230 224 222 222 221 221 221 198 214 21 224 69 24 24 24 25 25 26 26 26 26 26
RMS dB every 0.25s: -52 -29 -18 -27 -25 -26 -26 -21 -9 -14 -10 -15 -11 -16 -12 -14 -13 -10 -13 -10 -14 -11 -15 -11 -16 -12 -16 -12 -17 -13 -18 -14 -11 -16 -11 -12 -14 -39 -6 -15 -13 -20 -13 -20 -13 -15 -14 -11 -13 -12 -15 -12 -16 -12 -17 -13 -18 -13 -18 -14 -19 -14 -11 -16 -21 -17 -10 -19 -13 -16 -13 -18 -13 -18 -13 -15 -15 -11 -14 -11 -15 -12 -16 -12 -17 -14 -16 -14 -15 -14 -25 -12 -11 -16 -11 -15 -12 -15 -15 -12 -12 -15 -17 -18 -23 -23 -25 -20 -28 -28 -24 -24 -25 -31 -30 -33 -33 -30 -35 -46
onsets (s): 1.88 2.35 2.81 3.27 3.76 4.23 4.69 5.15 6.57 7.04 7.50 7.96 9.38 9.47 9.68 9.78 9.94 10.19 10.26 10.59 11.73 12.19 14.07 14.54 15.00 15.46 15.95 16.02 16.35 16.42 16.88 17.16 17.35 17.81 18.76 19.23 19.69 21.57 22.04 22.50 22.96 23.92 24.40 24.52
cut offset from nearest beat (ms, beat 0.4688s, phase 0): +8 +0 +58 +8 +12 +0 +15 +12 -223 +10 -225
cut offset from nearest half beat (ms): +8 +0 +58 +8 +12 +0 +15 +12 +11 +10 +9
