frames 2980 at 60 fps = 49.67s
sheet_01.png  0.00s - 7.50s
sheet_02.png  8.00s - 15.50s
sheet_03.png  16.00s - 23.50s
sheet_04.png  24.00s - 31.50s
sheet_05.png  32.00s - 39.50s
sheet_06.png  40.00s - 47.50s
sheet_07.png  48.00s - 49.67s
hard cuts (s): 3.750 14.067 17.883 25.317 30.950 35.633 42.200 42.667 43.133 43.367 43.600 43.833
luminance every 0.5s: 18 18 19 19 19 19 19 18 114 114 113 114 131 129 128 112 112 112 113 114 113 25 61 66 66 66 66 66 109 219 218 218 218 218 218 221 31 29 30 30 29 29 30 30 30 29 30 31 30 29 30 153 150 149 149 149 149 150 150 150 151 151 23 30 31 31 32 32 32 32 17 18 230 223 222 222 221 221 221 220 220 220 220 220 221 136 210 130 128 24 24 24 25 25 25 26 26 26 26 7
RMS dB every 0.25s: -44 -22 -11 -20 -18 -19 -19 -22 -22 -20 -19 -22 -22 -23 -18 -13 -8 -7 -9 -8 -11 -9 -13 -10 -15 -11 -15 -11 -16 -12 -17 -13 -10 -15 -10 -15 -10 -16 -11 -16 -12 -16 -12 -17 -12 -15 -13 -10 -13 -11 -13 -11 -15 -11 -16 -12 -17 -12 -18 -13 -18 -14 -11 -16 -11 -16 -11 -17 -12 -16 -13 -180 -5 -7 -11 -14 -14 -11 -14 -12 -14 -12 -16 -11 -17 -15 -15 -14 -14 -14 -17 -14 -11 -16 -12 -17 -12 -17 -12 -20 -13 -16 -14 -18 -14 -16 -14 -11 -13 -11 -14 -12 -16 -12 -17 -13 -18 -13 -19 -14 -19 -15 -11 -17 -21 -15 -10 -19 -14 -16 -13 -18 -14 -18 -14 -16 -15 -11 -13 -12 -14 -12 -17 -13 -16 -15 -16 -14 -15 -14 -16 -15 -11 -17 -12 -17 -12 -17 -13 -18 -15 -14 -12 -15 -13 -16 -14 -11 -32 -11 -14 -12 -16 -11 -18 -15 -15 -8 -9 -13 -20 -17 -23 -21 -26 -25 -28 -27 -26 -25 -26 -27 -31 -30 -29 -32 -32 -35 -48
onsets (s): 0.46 0.93 1.39 1.88 2.35 2.81 3.27 3.76 4.23 4.69 5.15 5.62 6.11 6.57 7.04 7.50 7.96 8.92 9.38 9.85 10.31 11.05 11.26 11.73 12.19 12.65 14.07 14.54 15.00 15.46 16.42 16.88 17.35 17.81 17.90 18.11 18.20 18.37 18.48 18.55 19.23 19.69 20.15 21.57 22.04 22.50 22.96 23.92 24.38 24.85 25.31 26.26 26.73 27.19 27.65 29.07 29.54 30.00 30.46 30.95 31.02 31.35 31.42 31.88 32.16 32.35 32.81 33.76 34.23 34.69 35.16 36.57 37.04 37.96 38.92 39.38 39.85 40.31 40.77 41.26 41.73 42.19 42.66 44.09 44.21
cut offset from nearest beat (ms, beat 0.4688s, phase 0): +0 +4 +71 +4 +12 +8 +13 +10 +8 -227 +6 -229
cut offset from nearest half beat (ms): +0 +4 +71 +4 +12 +8 +13 +10 +8 +7 +6 +5
